39
392
393
394
401
402
406
41
411
412
415
416
418
420
421
422
423
424
425
433
435
437
438
439
442
443
445
446
449
455
458
461
467
469
47
472
473
475
477
481
483
485
487
489
49
492
493
495
498
499
50
503
513
514
517
522
524
527
528
529
532
533
534
536
539
540
542
543
544
552
555
556
558
565
566
567
569
570
571
572
573
574
575
58
581
585
586
589
591
592
593
595
596
599
600
602
603
604
605
606
609
61
611
612
616
618
619
62
620
622
623
626
627
630
631
64
640
642
647
648
649
650
652
653
664
670
674
675
676
68
682
683
684
685
687
688
689
692
7
701
702
703
706
707
709
710
711
712
713
714
716
717
718
720
722
724
725
729
73
731
733
736
737
738
740
742
743
746
75
751
755
757
759
760
763
764
765
768
770
772
773
775
776
778
779
782
783
784
785
786
787
788
79
790
791
793
795
797
801
802
803
804
806
807
81
810
811
813
814
819
82
820
821
822
824
825
828
83
831
832
837
838
839
84
843
845
846
847
85
851
855
857
861
865
87
870
873
874
875
876
877
88
882
883
885
887
888
891
892
893
894
895
898
90
900
901
905
906
908
910
911
912
913
914
915
916
917
918
919
920
921
922
924
927
929
93
930
931
932
934
936
94
941
943
944
946
947
952
954
957
958
96
961
962
963
967
97
970
971
972
974
98
99